%YAML:1.0
---
myHogPlayerDector: !!opencv-object-detector-hog
   winSize: [ 64, 128 ]
   blockSize: [ 16, 16 ]
   blockStride: [ 8, 8 ]
   cellSize: [ 8, 8 ]
   nbins: 9
   derivAperture: 1
   winSigma: 4.
   histogramNormType: 0
   L2HysThreshold: 2.0000000000000001e-01
   gammaCorrection: 1
   nlevels: 64
   signedGradient: 0
   SVMDetector: [ -3.39538828e-02, -1.90047063e-02, -5.20905480e-03,
       -1.88964531e-02, -1.39171723e-02, -9.63574182e-03,
       -1.29489508e-02, -2.39085127e-02, -4.46320958e-02,
       -2.39497330e-03, 9.88296513e-03, -1.48453552e-03, -2.24030558e-02,
       -2.81180665e-02, -1.12849940e-02, 1.24404514e-02, -2.88586039e-03,
       -8.12552869e-03, -4.39936761e-03, 2.25242022e-02, 1.88361835e-02,
       1.17486631e-02, -1.24659389e-02, -1.83218122e-02, -7.30918022e-03,
       -8.90404452e-03, -1.45027107e-02, 1.56178763e-02, 2.31759604e-02,
       -4.58582537e-03, 1.98728740e-02, 1.39807526e-04, -2.54523032e-03,
       3.22847366e-02, 3.52929644e-02, 6.16974710e-03, -3.84369530e-02,
       -5.85294608e-03, -8.08057655e-03, -2.56268475e-02, 2.54030968e-03,
       -1.75282005e-02, 3.39743751e-03, -8.05008318e-03, -4.54040691e-02,
       -1.24559365e-02, 1.83337629e-02, 9.37601551e-03, 9.99134034e-03,
       1.31255006e-02, -7.73528172e-03, -2.29566684e-03, -6.15310203e-03,
       -2.97972355e-02, -1.03420457e-02, 4.15806146e-03, -3.66264675e-03,
       1.78633761e-02, 1.68235414e-03, -2.19301209e-02, 1.89733617e-02,
       1.33390082e-02, -2.18458939e-02, 1.27001498e-02, 1.86609365e-02,
       2.29315627e-02, 2.12580338e-02, 1.89762819e-03, 6.64978288e-03,
       2.79317722e-02, 2.86296792e-02, 1.15053367e-03, -8.47046915e-03,
       5.59559790e-03, -1.07026659e-02, -6.34224433e-03, -4.00133654e-02,
       -2.11717337e-02, -2.06558704e-02, -2.86351275e-02,
       -4.86789234e-02, 1.42095424e-02, 3.60910483e-02, 1.18900454e-02,
       1.95185021e-02, -2.14915238e-02, -9.06615611e-03, -1.55158779e-02,
       -2.21827459e-02, -2.98048668e-02, -1.82963233e-03, 9.30276327e-03,
       -2.11706441e-02, 2.52156216e-03, -1.78903677e-02, -1.82990693e-02,
       -8.45223852e-03, 2.54661980e-04, -3.28719132e-02, -3.54496785e-03,
       2.02564560e-02, 3.99968727e-03, 3.67174409e-02, -2.79705948e-03,
       1.18121561e-02, 1.47279333e-02, 1.13027804e-02, -1.55206136e-02,
       -9.53447446e-03, 1.34975649e-02, 2.30702382e-04, -5.70716802e-03,
       -1.48014957e-02, -1.27418060e-02, -2.87104044e-02,
       -2.05969550e-02, -4.08140831e-02, -3.62326414e-03, 1.94233824e-02,
       9.81320068e-03, -1.26339411e-02, -3.00795063e-02, -2.07587853e-02,
       -3.23785916e-02, -1.50585501e-02, -2.64895987e-02,
       -1.38268853e-02, 2.06547864e-02, 2.78605539e-02, 8.47798027e-03,
       -1.76391155e-02, 1.24538839e-02, -3.18662060e-04, -3.15576815e-03,
       -1.95302814e-02, -5.72307641e-03, 8.47930834e-03, 3.02484408e-02,
       -4.16638143e-03, -7.24476483e-03, 3.97491967e-03, 6.30456489e-03,
       1.55951893e-02, 1.61413534e-03, -1.13245659e-02, 2.30553225e-02,
       5.74052625e-04, -3.03283823e-03, -1.86529197e-02, -2.03324705e-02,
       -1.28937960e-02, -5.79747045e-03, -2.16214173e-02, 1.76468620e-03,
       2.11461224e-02, -8.85254983e-03, -1.76958356e-03, -1.22470222e-02,
       -9.54080001e-03, -1.20459469e-02, -1.85314659e-02,
       -2.97370069e-02, 8.06880300e-04, 2.98708659e-02, -1.89665414e-03,
       -2.87504378e-03, -2.23026108e-02, -2.32374691e-03, 4.47374722e-03,
       2.14063525e-02, 1.86832175e-02, 1.85600556e-02, 3.83244678e-02,
       -1.92107167e-03, 8.70089326e-03, -1.50759416e-02, -2.73594372e-02,
       -9.91480332e-03, 1.48433242e-02, 1.66932978e-02, -5.38308267e-03,
       9.37406346e-03, -2.01483481e-02, -1.61829311e-02, 2.90278299e-03,
       1.17338933e-02, -1.90737173e-02, -1.63197517e-02, -2.46036481e-02,
       -1.59799792e-02, 1.42751150e-02, -1.54563803e-02, -1.12815248e-02,
       -1.05819413e-02, -1.46075496e-02, -4.28928882e-02,
       -2.06307136e-02, -2.61536725e-02, 2.17347089e-02, 3.11564840e-02,
       1.02057336e-02, 1.87129676e-02, 1.99624542e-02, -1.67820975e-02,
       -4.83070174e-03, 1.26847764e-02, -6.77029311e-05, -2.72828923e-03,
       3.02760135e-02, 2.23257840e-02, 1.59149356e-02, -3.71288210e-02,
       -1.08498326e-02, -9.64918546e-03, 7.35528534e-03, -1.65482964e-02,
       1.23851039e-02, 3.29681486e-02, -3.16763925e-03, -1.22623984e-03,
       -2.37242542e-02, -1.25765549e-02, -2.28723008e-02, 9.17505764e-04,
       -1.31224366e-02, 4.33465233e-03, 1.45641975e-02, -1.17478482e-02,
       -8.25764984e-03, -3.87924351e-02, -3.16470861e-02,
       -2.00804882e-02, -1.64509621e-02, -2.70735156e-02,
       -7.05711823e-03, 3.58351432e-02, 2.39871237e-02, 2.33205389e-02,
       -2.86121778e-02, -5.08541521e-03, -1.04927958e-03, 1.87713075e-02,
       -1.47178685e-02, -6.53136848e-03, 3.23620997e-02, 1.74977127e-02,
       1.80349965e-02, -2.36829575e-02, -7.40178209e-03, 3.71252373e-03,
       2.23119166e-02, -2.20510717e-02, -2.09507154e-04, 1.00431661e-03,
       -1.23143829e-02, -1.50773507e-02, -3.29723246e-02,
       -6.75365608e-03, -9.60362516e-03, -6.36614999e-03,
       -2.69101523e-02, -3.13696195e-03, -7.32540572e-03,
       -2.59891376e-02, -1.90840010e-02, 4.56454698e-03, 3.44659854e-03,
       -6.54177601e-03, -9.76736937e-03, -2.25040372e-02, 1.19208405e-02,
       3.45789455e-02, 1.21190092e-02, 1.24980183e-02, -7.65999826e-03,
       -6.46482920e-04, 1.20296227e-02, 2.04959586e-02, -5.78191318e-03,
       2.08608266e-02, 3.38593125e-02, 5.19493828e-03, -1.20768966e-02,
       -1.98639315e-02, -1.66758930e-03, 1.55974496e-02, 1.20010069e-02,
       1.19019747e-02, -7.45876320e-03, -3.98548553e-03, -3.01151350e-02,
       -2.27066334e-02, -1.13932304e-02, -1.61939580e-03,
       -1.08067342e-03, -1.32319443e-02, -1.90471597e-02,
       -4.30495245e-03, 1.92900561e-02, -8.35152157e-03, -1.68038197e-02,
       -2.44981330e-02, -3.55465785e-02, -9.20351408e-03, 1.23220785e-02,
       -2.00096872e-02, 1.43165169e-02, 4.14139032e-02, 4.51232586e-03,
       1.72152999e-03, -1.04016596e-02, 7.55016971e-03, 1.96624789e-02,
       7.68878730e-03, -4.59358003e-03, -1.83844268e-02, 1.46874692e-02,
       1.69066284e-02, 2.36941185e-02, -2.33949795e-02, 2.77539063e-03,
       1.43299494e-02, 3.51844095e-02, -3.34890522e-02, 9.04548727e-03,
       1.86943710e-02, -1.49776991e-02, -2.81660855e-02, -3.47907357e-02,
       -4.12124656e-02, -2.50234990e-03, 2.54908185e-02, -2.87027238e-03,
       -1.20349729e-03, 1.32834949e-02, -4.33960408e-02, -3.03605273e-02,
       -1.97746586e-02, -1.73418000e-02, -7.15323817e-03, 2.97244582e-02,
       -4.80949617e-04, -3.39888805e-03, 2.74110883e-02, 1.05090970e-02,
       1.48616834e-02, -3.80406268e-02, -3.84820229e-03, 1.20621705e-02,
       2.70339958e-02, -1.11936778e-02, -2.11952515e-02, -1.50199374e-03,
       -3.26530635e-02, 1.00076282e-02, -7.05065578e-03, -8.80687404e-03,
       3.78609169e-03, 1.46229248e-02, -3.03183328e-02, -1.62807293e-02,
       -4.82144207e-03, -4.32360955e-02, -4.80654985e-02,
       -8.05135723e-03, -1.91610493e-03, 3.59145389e-03, 3.66437100e-02,
       4.24056285e-04, -1.97166335e-02, 1.57475248e-02, 5.08065196e-03,
       -1.72515120e-02, -1.91402528e-02, -3.44356820e-02,
       -2.10196786e-02, -5.16041042e-03, -3.89515348e-02,
       -1.99367516e-02, -2.23895977e-03, -1.34567572e-02, 4.83683823e-03,
       -1.55006312e-02, 2.94389832e-03, 2.11281627e-02, 1.79461446e-02,
       -2.37602871e-02, -1.49629209e-02, 1.51398908e-02, 1.69072244e-02,
       2.13720407e-02, -9.78157017e-03, -2.87843235e-02, 7.12938374e-04,
       3.33206961e-03, -3.09409853e-02, 8.52416456e-03, 2.05035806e-02,
       5.07957628e-03, -1.95692293e-02, -1.98057611e-02, -3.68688852e-02,
       -1.30283497e-02, -9.63486079e-03, -6.51714252e-03,
       -2.31622029e-02, -4.71983012e-03, -1.25276810e-02,
       -1.28962817e-02, -2.36584209e-02, -3.85539117e-03, 2.98136962e-03,
