%YAML:1.0
---
myHogPlayerDector: !!opencv-object-detector-hog
   winSize: [ 64, 128 ]
   blockSize: [ 16, 16 ]
   blockStride: [ 8, 8 ]
   cellSize: [ 8, 8 ]
   nbins: 9
   derivAperture: 1
   winSigma: 4.
   histogramNormType: 0
   L2HysThreshold: 2.0000000000000001e-01
   gammaCorrection: 1
   nlevels: 64
   signedGradient: 0
   SVMDetector: [ -3.28223780e-02, -1.92721635e-02, -5.79916965e-03,
       -2.03412753e-02, -1.32118156e-02, -1.01662846e-02,
       -1.27241369e-02, -2.34168135e-02, -4.48520556e-02,
       -4.10816818e-03, 9.67175141e-03, -3.25165596e-03, -2.39872765e-02,
       -2.53603868e-02, -1.01744672e-02, 1.32019566e-02, -1.75170589e-03,
       -1.04585467e-02, -7.13999989e-03, 1.89784225e-02, 1.60212312e-02,
       1.12104770e-02, -1.13840811e-02, -1.83790531e-02, -5.42837381e-03,
       -7.75489630e-03, -1.56878307e-02, 1.62144285e-02, 2.39689834e-02,
       -5.42817917e-03, 2.08090544e-02, 2.87566148e-03, -2.76432489e-03,
       3.07754073e-02, 3.59267108e-02, 5.17971115e-03, -3.86225544e-02,
       -6.56632334e-03, -9.26351827e-03, -2.74540167e-02, 2.63310969e-03,
       -1.75030641e-02, 4.59242566e-03, -6.60493411e-03, -4.45308648e-02,
       -1.20294690e-02, 1.58379637e-02, 7.77936820e-03, 7.23440805e-03,
       1.42779453e-02, -6.65945327e-03, -1.45331095e-03, -6.07559690e-03,
       -2.70407367e-02, -9.42241866e-03, 3.69674130e-03, -4.29399172e-03,
       1.67902689e-02, 1.71636173e-03, -2.26196852e-02, 1.79593302e-02,
       1.50638344e-02, -2.02138219e-02, 1.13970311e-02, 1.60884317e-02,
       2.15731822e-02, 1.82010885e-02, 3.68528045e-03, 9.18663386e-03,
       2.75676437e-02, 2.77563967e-02, -5.04743890e-04, -8.56922474e-03,
       6.64360262e-03, -1.16269039e-02, -8.41966458e-03, -3.84092890e-02,
       -2.15080623e-02, -2.04941723e-02, -2.88543813e-02,
       -4.99167927e-02, 1.19930673e-02, 3.83952223e-02, 9.49347671e-03,
       1.74977407e-02, -2.10075136e-02, -8.50908831e-03, -1.40934624e-02,
       -2.23827064e-02, -3.18908319e-02, -2.36634150e-05, 8.86177085e-03,
       -2.32692342e-02, 4.95480094e-03, -1.55628994e-02, -1.69239566e-02,
       -8.58163834e-03, -1.53151492e-03, -3.40647362e-02,
       -4.75996081e-03, 1.93894301e-02, 3.03993607e-03, 3.77932824e-02,
       -3.52365477e-03, 1.02863498e-02, 1.47766741e-02, 1.00345816e-02,
       -1.87124293e-02, -9.84873250e-03, 1.58753376e-02, -6.53805444e-04,
       -7.26290327e-03, -1.52770821e-02, -1.20951980e-02,
       -2.81521343e-02, -2.12407578e-02, -4.09960747e-02,
       -2.43802229e-03, 2.20784433e-02, 1.01123657e-02, -1.44577911e-02,
       -2.94947233e-02, -1.94567796e-02, -3.23337987e-02,
       -1.70155261e-02, -2.60049216e-02, -1.48833850e-02, 2.11228058e-02,
       2.71834806e-02, 8.59294087e-03, -1.96398459e-02, 1.16622131e-02,
       -1.68787153e-03, -3.25406739e-03, -1.96088552e-02,
       -6.30344125e-03, 1.03423400e-02, 2.94501130e-02, -5.74806379e-03,
       -9.36572161e-03, 4.33067651e-03, 4.93306760e-03, 1.40845152e-02,
       8.65457114e-04, -7.34963128e-03, 2.40464117e-02, -2.02771160e-04,
       -4.16257279e-03, -1.70837604e-02, -1.88689884e-02,
       -1.16980281e-02, -5.35371713e-03, -2.10397951e-02, 4.38743504e-03,
       2.14584731e-02, -1.03495885e-02, -2.76074070e-03, -1.40753742e-02,
       -9.89130978e-03, -1.04278000e-02, -1.83385238e-02,
       -2.87184734e-02, 1.05133536e-03, 2.84406822e-02, -4.23463807e-03,
       -3.62614635e-03, -2.17289850e-02, -6.85789855e-04, 3.86021566e-03,
       1.94968302e-02, 1.76411159e-02, 1.59295965e-02, 3.83609235e-02,
       -3.05497926e-03, 7.77445454e-03, -1.40828677e-02, -2.65324395e-02,
       -8.50150362e-03, 1.19047593e-02, 1.35600818e-02, -4.02200315e-03,
       8.82124901e-03, -2.07881872e-02, -1.58571713e-02, 2.18868721e-03,
       1.13129895e-02, -1.97039209e-02, -1.63112152e-02, -2.26411577e-02,
       -1.56474430e-02, 1.29392361e-02, -1.53909018e-02, -1.00568645e-02,
       -1.35077136e-02, -1.78289134e-02, -4.44945171e-02,
       -2.00895146e-02, -2.27423571e-02, 2.02683285e-02, 2.99953427e-02,
       9.01397597e-03, 2.17320528e-02, 2.17442121e-02, -1.69561747e-02,
       -5.31883305e-03, 1.22964215e-02, -1.70811452e-03, -3.38450843e-03,
       2.85963994e-02, 2.08531395e-02, 1.61959212e-02, -3.55439484e-02,
       -1.36237778e-02, -1.29963197e-02, 8.24143831e-03, -1.66422278e-02,
       1.17497724e-02, 3.24533321e-02, -3.40817310e-03, -1.41638087e-03,
       -2.50106622e-02, -1.42498007e-02, -2.15750504e-02, 2.72502331e-03,
       -1.16875758e-02, 4.10829671e-03, 1.59845799e-02, -1.32511752e-02,
       -5.93073014e-03, -3.96290421e-02, -3.16461697e-02,
       -1.90749466e-02, -1.57567989e-02, -2.87527386e-02,
       -7.03928713e-03, 3.59244831e-02, 2.32767314e-02, 2.11923327e-02,
       -2.87314244e-02, -7.27005489e-03, -3.00854351e-03, 1.94806475e-02,
       -1.53171597e-02, -4.81109880e-03, 3.43832634e-02, 1.41970413e-02,
       1.72583666e-02, -2.45110914e-02, -5.74365305e-03, 3.20009515e-03,
       2.06268728e-02, -2.22861208e-02, 1.78511575e-04, 2.15308880e-03,
       -1.25803808e-02, -1.47912009e-02, -3.31436954e-02,
       -5.86970290e-03, -9.01596248e-03, -6.14798907e-03,
       -2.82029286e-02, -4.23487695e-03, -6.92025386e-03,
       -2.48171613e-02, -1.90574881e-02, 4.62119700e-03, 5.08277118e-03,
       -5.52966213e-03, -1.07421316e-02, -2.33923681e-02, 1.41908629e-02,
       3.63949612e-02, 1.04035577e-02, 9.85009503e-03, -7.70260207e-03,
       9.62506980e-04, 1.26159759e-02, 2.01456100e-02, -6.08315971e-03,
       2.08850540e-02, 3.23787853e-02, 4.48857713e-03, -1.27104707e-02,
       -1.99612379e-02, -6.83624239e-04, 1.64405778e-02, 1.11965211e-02,
       1.31156351e-02, -8.79875384e-03, -3.94568453e-03, -2.75307577e-02,
       -2.05026865e-02, -1.28295599e-02, 1.97245812e-04, -1.14491978e-03,
       -1.47662256e-02, -2.00619157e-02, -4.21797298e-03, 2.07085349e-02,
       -8.18365999e-03, -1.65556222e-02, -2.43444201e-02,
       -3.45584191e-02, -1.00396490e-02, 1.05467169e-02, -2.06450392e-02,
       1.40958540e-02, 4.26223353e-02, 6.52380008e-03, 2.39945203e-03,
       -1.13447318e-02, 5.67302480e-03, 1.86755396e-02, 5.84750436e-03,
       -4.54181246e-03, -1.80751383e-02, 1.74809191e-02, 1.65521391e-02,
       2.36706194e-02, -2.49443650e-02, -1.51646396e-04, 1.23803560e-02,
       3.49421874e-02, -3.10887601e-02, 7.53383664e-03, 1.75148342e-02,
       -1.79398283e-02, -2.92013977e-02, -3.26241329e-02,
       -3.79295833e-02, -1.70808122e-03, 2.46460680e-02, -3.30781331e-03,
       -3.19428917e-04, 1.10919941e-02, -4.49886136e-02, -2.96132322e-02,
       -1.75357945e-02, -1.49254343e-02, -6.17146818e-03, 2.86832899e-02,
       -1.13250059e-03, -3.51225585e-03, 2.62994766e-02, 1.08375764e-02,
       1.34483017e-02, -3.80154513e-02, -3.23971361e-03, 1.33381365e-02,
       2.80848686e-02, -1.06653199e-02, -2.28473265e-02, -1.58250541e-03,
       -3.31784971e-02, 8.43997486e-03, -8.79542250e-03, -7.02734338e-03,
       4.28787712e-03, 1.36589119e-02, -3.09413522e-02, -1.67976525e-02,
       -5.25216293e-03, -4.20152657e-02, -4.85216938e-02,
       -9.36721358e-03, -1.19853311e-03, 4.30100318e-03, 3.63462679e-02,
       -7.75489549e-04, -1.81944240e-02, 1.76593196e-02, 5.58732124e-03,
       -1.91335306e-02, -1.98130589e-02, -3.32448371e-02,
       -2.00482793e-02, -7.29895942e-03, -3.88743952e-02,
       -2.11012438e-02, -2.67843856e-03, -1.26532027e-02, 4.58929269e-03,
       -1.55845666e-02, 4.55894694e-03, 2.11677961e-02, 1.79406498e-02,
       -2.56469585e-02, -1.41822053e-02, 1.35325119e-02, 1.53911952e-02,
       1.93458758e-02, -9.55383759e-03, -2.71722004e-02, 2.82405433e-03,
       2.85082823e-03, -3.09995301e-02, 1.01711014e-02, 2.15960126e-02,
       4.43900423e-03, -2.01738700e-02, -2.12680604e-02, -3.50017548e-02,
       -1.12777743e-02, -1.17748091e-02, -6.97037717e-03,
       -2.24341713e-02, -5.29875699e-03, -1.30342059e-02,
       -1.21666025e-02, -2.10181586e-02, -1.43744634e-03, 3.23489890e-03,
